x
0 1
1 -4.440908 10.054546
2 -1.258591 2.149591
3 -0.677273 2.549091
4 -0.894091 2.149546
5 21.844545 82.240898
6 15.199091 65.909088
7 -0.458182 2.154091
8 -1.459091 3.000909
9 -8.427272 6.954545
10 1.27 8.335908999999999
11 -1.591364 1.629091
12 -1.121818 1.911364
13 -5.145454 38.995449
14 -9.200454000000001 1.873636
15 -1.247273 1.920455
16 -8.111364 1.204545
17 -12.072726 -0.152273
18 -5.440908 2.736363
19 -3.631819 3.809091
20 -0.8845460000000001 8.524547
21 -11.17591 22.796366
22 -13.248636 -0.235455
23 -2.341364 2.170455
24 2.255455 13.668182
25 -142.954544 62.227272
26 -1.211818 1.622728
27 -1.116364 2.244091
28 -1.473182 1.790455
29 -1.322273 2.438182
30 -3.274545 1.120455
31 -3.005 3.070909
